81370.948557506
81371.142126708
81372.142103920
81373.142034922
81374.142008833
81375.141955908
81376.141922186
81377.141883417
81378.141847811
81379.141796576
81380.141762210
81381.141720798
81382.141680090
81383.141639878
81384.141597077
81385.141616102
81386.141562293
81387.141472190
81388.141477702
81389.141405423
81390.141387802
81391.141319889
81392.141313800
81393.141245711
81394.141218781
81395.141149724
81396.141155743
81397.141072762
81398.141065189
81399.141002323
81400.140998240
81401.140907950
81402.140898276
81403.140822018
81404.140800044
81405.140753901
81406.140749376
81407.140677517
81408.140629985
81409.140582283
81410.140605239
81411.140501906
81412.140517021
81413.140420263
81414.140433203
81415.140345602
81416.140348491
81417.140255632
81418.140246139
81419.140184603
81420.140145437
81421.140101099
81422.140094756
81423.140066159
81424.140082473
81425.139932417
81426.139897599
81427.139839363
81428.139823745
81429.139772583
81430.139749374
81431.139690454
81432.139697151
81433.139625015
81434.139612039
81435.139541686
81436.139490621
81437.139468966
81438.139440724
81439.139380521
81440.139355855
81441.139283395
81442.139297551
81443.139204625
81444.139206524
81445.139122173
81446.139119731
81447.139043121
81448.139029922
81449.138962346
81450.138965012
81451.138873763
81452.138878796
81453.138806787
81454.138766648
81455.138700882
81456.138689608
81457.138620417
81458.138632635
81459.138555894
81460.138551105
81461.138480106
81462.138456519
81463.138391762
81464.138353167
81465.138294403
81466.138292715
81467.138220652
81468.138193749
81469.138137344
81470.138153098
81471.138113309
81472.138026103
81473.137973266
81474.138036252
81475.137921535
81476.137904268
81477.137824292
81478.137806184
81479.137728492
81480.137720502
81481.137649177
81482.137667302
81483.137652967
81484.137576339
81485.137489250
81486.137482945
81487.137414598
81488.137385286
81489.137329889
81490.137306070
81491.137260915
81492.137218672
81493.137159927
81494.137139177
81495.137086966
81496.137075416
81497.136990741
81498.137005640
81499.136909167
81500.136912477
81501.136823080
81502.136798217
81503.136757101
81504.136709065
81505.136727773
81506.136638399
81507.136594853
81508.136546428
81509.136525166
81510.136509399
81511.136418299
81512.136382276
81513.136350707
81514.136342176
81515.136253187
81516.136268064
81517.136194109
81518.136182439
81519.136108435
81520.136089508
81521.136077202
81522.136059685
81523.135933087
81524.135949311
81525.135844913
81526.135864380
81527.135769516
81528.135733063
81529.135683814
81530.135665186
81531.135625014
81532.135597046
81533.135525286
81534.135500270
81535.135441835
81536.135445269
81537.135352162
81538.135422877
81539.135272642
81540.135291978
81541.135189693
81542.135180107
81543.135216099
81544.135131886
81545.135029170
81546.135015238
81547.134954055
81548.134956115
81549.134859511
81550.134832109
81551.134772871
81552.134760503
81553.134718674
81554.134666551
81555.134621716
81556.134620459
81557.134534537
81558.134543856
81559.134485926
81560.134459324
81561.134378013
81562.134373654
81563.134283837
81564.134258264
81565.134199689
81566.134222190
81567.134127694
81568.134114566
81569.134037272
81570.134048344
81571.133954627
81572.133963443
81573.133870220
81574.133881738
81575.133807425
81576.133796354
81577.133707369
81578.133715041
81579.133629799
81580.133637757
81581.133545759
81582.133538920
81583.133462457
81584.133466528
81585.133374142
81586.133386498
81587.133316814
81588.133297999
81589.133226975
81590.133215653
81591.133134957
81592.133141129
81593.133043969
81594.133066551
81595.132959469
81596.132951087
81597.132876581
81598.132874318
81599.132810848
81600.132809662
81601.132740894
81602.132726662
81603.132651096
81604.132647565
81605.132565994
81606.132558416
81607.132471715
81608.132487713
81609.132401463
81610.132400706
81611.132318410
81612.132312522
81613.132231469
81614.132236201
81615.132158850
81616.132146410
81617.132121759
81618.132091022
81619.131972829
81620.131982876
81621.131894842
81622.131908759
81623.131809637
81624.131824672
81625.131724419
81626.131734574
81627.131643607
81628.131611175
81629.131578699
81630.131577677
81631.131481699
81632.131483670
81633.131422060
81634.131438067
81635.131317954
81636.131308582
81637.131230878
81638.131226584
81639.131148541
81640.131107493
81641.131075275
81642.131026930
81643.130995124
81644.130942149
81645.130908504
81646.130864690
81647.130822748
81648.130833883
81649.130742980
81650.130704530
81651.130658494
81652.130627246
81653.130577288
81654.130525953
81655.130493156
81656.130449940
81657.130432553
81658.130363416
81659.130395438
81660.130336295
81661.130237277
81662.130202211
81663.130203224
81664.130134821
81665.130073457
81666.130033965
81667.129994428
81668.129950097
81669.129910138
81670.129865344
81671.129845170
81672.129781872
81673.129751735
81674.129702055
81675.129651040
81676.129622521
81677.129574541
81678.129537184
81679.129481742
81680.129450629
81681.129437638
81682.129363814
81683.129330735
81684.129287488
81685.129255404
81686.129207944
81687.129178022
81688.129131181
81689.129082130
81690.129039285
81691.128998186
81692.129014083
81693.128961063
81694.128931707
81695.128838144
81696.128791909
81697.128744213
81698.128702972
81699.128684686
81700.128616443
81701.128592027
81702.128535986
81703.128499400
81704.128460686
81705.128411387
81706.128388668
81707.128327032
81708.128294975
81709.128244458
81710.128206147
81711.128163250
81712.128145974
81713.128097989
81714.128107583
81715.128055093
81716.127958187
81717.127912110
81718.127871321
81719.127835113
81720.127800736
81721.127744816
81722.127717101
81723.127674217
81724.127621415
81725.127574111
81726.127541678
81727.127516576
81728.127459306
81729.127436616
81730.127386466
81731.127335440
81732.127293077
81733.127250836
81734.127219885
81735.127170432
81736.127138643
81737.127086186
81738.127053308
81739.127004347
81740.126971715
81741.126932081
81742.126885154
81743.126858390
81744.126815500
81745.126775108
81746.126705756
81747.126667359
81748.126635376
81749.126587600
81750.126554862
81751.126503166
81752.126456092
81753.126417973
81754.126376519
81755.126357103
81756.126281563
81757.126257435
81758.126202056
81759.126151925
81760.126116666
81761.126072489
81762.126050349
81763.126005251
81764.125967275
81765.125909798
81766.125866486
81767.125825587
81768.125851098
81769.125766739
81770.125720293
81771.125684510
81772.125624394
81773.125577274
81774.125554234
81775.125498736
81776.125471734
81777.125415189
81778.125387724
81779.125329801
81780.125288166
81781.125250321
81782.125201974
81783.125186956
81784.125130106
81785.125094502
81786.125034230
81787.124993872
81788.124957554
81789.124910317
81790.124889786
81791.124828879
81792.124802968
81793.124748266
81794.124709977
81795.124663395
81796.124630810
81797.124588724
81798.124537427
81799.124508419
81800.124450453
81801.124412233
81802.124373553
81803.124328038
81804.124300353
81805.124241835
81806.124209522
81807.124159582
81808.124114640
81809.124103320
81810.124073040
81811.124110713
81812.123961311
81813.123920359
81814.123870198
81815.123833284
81816.123788118
81817.123746533
81818.123736320
81819.123657525
81820.123628685
81821.123577343
81822.123540582
81823.123492236
81824.123454971
81825.123427870
81826.123367561
81827.123355081
81828.123280977
81829.123238327
81830.123198759
81831.123161522
81832.123140116
81833.123073127
81834.123052467
81835.123000641
81836.122940104
81837.122911356
81838.122859857
81839.122856104
81840.122776727
81841.122748805
81842.122703548
81843.122656039
81844.122606946
81845.122566142
81846.122524960
81847.122478861
81848.122441885
81849.122385574
81850.122351635
81851.122320819
81852.122265378
81853.122227935
81854.122187239
81855.122165457
81856.122106384
81857.122075932
81858.122031813
81859.121989442
81860.121960651
81861.121890570
81862.121863401
81863.121817606
81864.121759726
81865.121721969
81866.121678002
81867.121653533
81868.121598313
81869.121560215
81870.121515324
81871.121483639
81872.121434578
81873.121392682
81874.121377533
81875.121308551
81876.121283190
81877.121224288
81878.121176925
81879.121140310
81880.121103568
81881.121078199
81882.121012747
81883.120987916
81884.120929335
81885.120886960
81886.120859749
81887.120802621
81888.120781157
81889.120722860
81890.120693142
81891.120639341
81892.120597370
81893.120555357
81894.120507300
81895.120478491
81896.120481678
81897.120402952
81898.120346347
81899.120298657
81900.120255507
81901.120218105
81902.120180826
81903.120141379
81904.120112805
81905.120088353
81906.120053443
81907.119970783
81908.119927829
81909.119911704
81910.119837872
81911.119808203
81912.119748659
81913.119705071
81914.119664772
81915.119620764
81916.119597753
81917.119546242
81918.119520062
81919.119454090
81920.119417115
81921.119366515
81922.119335870
81923.119319722
81924.119245827
81925.119227177
81926.119162860
81927.119120625
81928.119074346
81929.119040607
81930.119006616
81931.118962291
81932.118933089
81933.118874762
81934.118837807
81935.118799350
81936.118749809
81937.118720307
81938.118665180
81939.118691631
81940.118583379
81941.118544080
81942.118493988
81943.118466144
81944.118443548
81945.118373453
81946.118354187
81947.118289921
81948.118248570
81949.118200135
81950.118162072
81951.118141049
81952.118076693
81953.118053750
81954.117992099
81955.117955112
81956.117909499
81957.117861051
81958.117846433
81959.117787192
81960.117759988
81961.117696661
81962.117659872
81963.117611499
81964.117572998
81965.117550329
81966.117488869
81967.117468156
81968.117408401
81969.117357019
81970.117316760
81971.117276708
81972.117254613
81973.117208558
81974.117166252
81975.117116487
81976.117074887
81977.117030826
81978.117008097
81979.116953951
81980.116901929
81981.116927443
81982.116834295
81983.116878471
81984.116803903
81985.116744832
81986.116731382
81987.116622019
81988.116585068
81989.116534408
81990.116500371
81991.116456374
81992.116420376
81993.116372252
81994.116334375
81995.116297706
81996.116242328
81997.116203365
81998.116168191
81999.116114767
82000.116117756
82001.116105577
82002.116056899
82003.115952097
82004.115909791
82005.115865109
82006.115822425
82007.115791822
82008.115729762
82009.115698865
82010.115648801
82011.115604902
82012.115563752
82013.115520725
82014.115490405
82015.115432752
82016.115405720
82017.115348273
82018.115309948
82019.115258289
82020.115229002
82021.115196215
82022.115135677
82023.115104053
82024.115055138
82025.115017012
82026.114985009
82027.114959422
82028.114904460
82029.114855996
82030.114821905
82031.114766439
82032.114728929
82033.114693168
82034.114644365
82035.114617017
82036.114561003
82037.114521279
82038.114474637
82039.114439285
82040.114395099
82041.114338287
82042.114319721
82043.114262115
82044.114226423
82045.114178273
82046.114131620
82047.114085842
82048.114048104
82049.114018447
82050.113966457
82051.113926674
82052.113877848
82053.113841061
82054.113788358
82055.113750944
82056.113733362
82057.113666655
82058.113636613
82059.113581445
82060.113537776
82061.113495188
82062.113455808
82063.113421426
82064.113370086
82065.113334910
82066.113274734
82067.113249930
82068.113211501
82069.113159196
82070.113141347
82071.113088790
82072.113047231
82073.112993047
82074.112951444
82075.112907257
82076.112874151
82077.112840961
82078.112789770
82079.112757370
82080.112701636
82081.112655983
82082.112625287
82083.112568049
82084.112545601
82085.112484944
82086.112452410
82087.112403876
82088.112360965
82089.112333719
82090.112271015
82091.112251600
82092.112188310
82093.112159310
82094.112110726
82095.112111680
82096.112107300
82097.111980300
82098.111973584
82099.111889413
82100.111859780
82101.111804188
82102.111770761
82103.111731500
82104.111680988
82105.111650683
82106.111596461
82107.111561237
82108.111511346
82109.111544324
82110.111431559
82111.111400080
82112.111366351
82113.111315663
82114.111280722
82115.111230907
82116.111177340
82117.111159896
82118.111095536
82119.111070590
82120.111007645
82121.110983280
82122.110925749
82123.110888216
82124.110840099
82125.110798230
82126.110779193
82127.110713282
82128.110662119
82129.110611622
82130.110565790
82131.110521957
82132.110491914
82133.110461911
82134.110395868
82135.110380905
82136.110315317
82137.110295977
82138.110242970
82139.110200420
82140.110182993
82141.110112068
82142.110072973
82143.110025253
82144.109975990
82145.109929018
82146.109890669
82147.109858153
82148.109808844
82149.109774284
82150.109723390
82151.109684702
82152.109715761
82153.109612075
82154.109590675
82155.109526944
82156.109498793
82157.109431893
82158.109404531
82159.109352462
82160.109309516
82161.109292692
82162.109229662
82163.109205962
82164.109141555
82165.109096854
82166.109053694
82167.109030864
82168.108996243
82169.108926831
82170.108905958
82171.108842460
82172.108809085
82173.108764418
82174.108721541
82175.108707371
82176.108634369
82177.108606947
82178.108556567
82179.108508353
82180.108464929
82181.108418129
82182.108403160
82183.108334443
82184.108319514
82185.108258544
82186.108214614
82187.108174475
82188.108124044
82189.108104777
82190.108085301
82191.108076281
82192.107956434
82193.107913497
82194.107920766
82195.107830497
82196.107810307
82197.107751201
82198.107723968
82199.107680068
82200.107623626
82201.107581057
82202.107530655
82203.107514500
82204.107452638
82205.107422773
82206.107360326
82207.107322585
82208.107278010
82209.107247975
82210.107217897
82211.107154529
82212.107126033
82213.107067538
82214.107027082
82215.106983250
82216.106943793
82217.106922292
82218.106854126
82219.106833165
82220.106779871
82221.106733327
82222.106690989
82223.106635401
82224.106612769
82225.106550097
82226.106527505
82227.106467914
82228.106425571
82229.106377269
82230.106339966
82231.106316911
82232.106250066
82233.106221093
82234.106168412
82235.106118856
82236.106088547
82237.106098818
82238.106021344
82239.105971575
82240.105933972
82241.105884368
82242.105839305
82243.105786367
82244.105752260
82245.105730568
82246.105684543
82247.105656850
82248.105585367
82249.105539506
82250.105508894
82251.105453365
82252.105437917
82253.105373263
82254.105353230
82255.105292365
82256.105247165
82257.105221463
82258.105161305
82259.105148100
82260.105081107
82261.105036153
82262.104994698
82263.104960784
82264.104906286
82265.104871412
82266.104841120
82267.104779203
82268.104754118
82269.104698741
82270.104655738
82271.104610068
82272.104568522
82273.104547140
82274.104485344
82275.104459461
82276.104403412
82277.104359862
82278.104314936
82279.104273884
82280.104252914
82281.104184987
82282.104175222
82283.104107627
82284.104085112
82285.104088928
82286.103999956
82287.103955982
82288.103891049
82289.103863280
82290.103806763
82291.103769243
82292.103733347
82293.103679493
82294.103661887
82295.103612115
82296.103564425
82297.103515401
82298.103471585
82299.103428267
82300.103376075
82301.103366712
82302.103294853
82303.103272615
82304.103215753
82305.103174431
82306.103139941
82307.103086285
82308.103061502
82309.102997428
82310.102979934
82311.102917651
82312.102881115
82313.102835538
82314.102787793
82315.102765087
82316.102704883
82317.102678635
82318.102623430
82319.102581514
82320.102536056
82321.102489473
82322.102528175
82323.102419802
82324.102376842
82325.102320423
82326.102280877
82327.102264662
82328.102202908
82329.102191817
82330.102112021
82331.102091095
82332.102028463
82333.101986163
82334.101944695
82335.101896726
82336.101883880
82337.101812495
82338.101785940
82339.101729470
82340.101688331
82341.101649482
82342.101604551
82343.101590491
82344.101524934
82345.101490583
82346.101439399
82347.101390506
82348.101353777
82349.101308924
82350.101283361
82351.101224590
82352.101195734
82353.101138712
82354.101096105
82355.101051331
82356.101007389
82357.100982280
82358.100929254
82359.100899601
82360.100835408
82361.100799755
82362.100757184
82363.100708363
82364.100677999
82365.100692006
82366.100605686
82367.100546488
82368.100496580
82369.100459130
82370.100418429
82371.100394184
82372.100327442
82373.100304696
82374.100256368
82375.100202956
82376.100164959
82377.100118629
82378.100100172
82379.100079838
82380.100053088
82381.99945301
82382.99908300
82383.99859507
82384.99814672
82385.99805751
82386.99736000
82387.99711620
82388.99647492
82389.99615987
82390.99566440
82391.99530058
82392.99503301
82393.99437878
82394.99416785
82395.99356611
82396.99312935
82397.99281466
82398.99222498
82399.99200194
82400.99141100
82401.99116628
82402.99058949
82403.99010561
82404.98967880
82405.98937614
82406.98894474
82407.98907913
82408.98814107
82409.98759507
82410.98713156
82411.98679929
82412.98627243
82413.98609264
82414.98556911
82415.98518973
82416.98464368
82417.98415513
82418.98371657
82419.98338341
82420.98310275
82421.98247960
82422.98234850
82423.98174700
82424.98124090
82425.98084730
82426.98037911
82427.98016673
82428.97950062
82429.97920282
82430.97869086
82431.97827222
82432.97781941
82433.97735367
82434.97717834
82435.97660927
82436.97626101
82437.97568568
82438.97524950
82439.97482456
82440.97440795
82441.97428632
82442.97358472
82443.97332642
82444.97269771
82445.97221775
82446.97192360
82447.97141737
82448.97109238
82449.97062864
82450.97091693
82451.96976822
82452.96931071
82453.96881112
82454.96841984
82455.96838396
82456.96781519
82457.96730432
82458.96669887
82459.96629715
82460.96586210
82461.96558703
82462.96534571
82463.96459732
82464.96432016
82465.96378133
82466.96339332
82467.96317239
82468.96248688
82469.96224635
82470.96166209
82471.96145196
82472.96085101
82473.96076212
82474.95996701
82475.95949771
82476.95938838
82477.95872117
82478.95846434
82479.95785294
82480.95740736
82481.95696970
82482.95655994
82483.95646224
82484.95572166
82485.95544938
82486.95492419
82487.95448482
82488.95408711
82489.95356316
82490.95323794
82491.95280230
82492.95307120
82493.95194143
82494.95150036
82495.95102679
82496.95064612
82497.95050919
82498.94977061
82499.94952784
82500.94888800
82501.94850439
82502.94820786
82503.94766550
82504.94742520
82505.94681700
82506.94653836
82507.94593307
82508.94550485
82509.94511620
82510.94463921
82511.94468261
82512.94380106
82513.94350780
82514.94293664
82515.94259879
82516.94214178
82517.94166059
82518.94155314
82519.94092695
82520.94056283
82521.94006371
82522.93969125
82523.93911462
82524.93866799
82525.93851591
82526.93786594
82527.93753637
82528.93706680
82529.93652764
82530.93614097
82531.93572930
82532.93533887
82533.93488428
82534.93446509
82535.93438963
82536.93360087
82537.93322709
82538.93274330
82539.93250158
82540.93180946
82541.93150316
82542.93096894
82543.93054096
82544.93007798
82545.92973832
82546.92946532
82547.92887275
82548.92853349
82549.92798466
82550.92752915
82551.92726321
82552.92669061
82553.92648424
82554.92584039
82555.92557234
82556.92506639
82557.92459418
82558.92430654
82559.92382766
82560.92363459
82561.92310487
82562.92274888
82563.92242913
82564.92167358
82565.92148632
82566.92086199
82567.92115595
82568.91998289
82569.91984061
82570.91914628
82571.91873275
82572.91827631
82573.91784903
82574.91777255
82575.91700528
82576.91668340
82577.91607027
82578.91575505
82579.91585063
82580.91494084
82581.91471559
82582.91408245
82583.91381720
82584.91320238
82585.91275504
82586.91241603
82587.91189744
82588.91176425
82589.91105857
82590.91082787
82591.91032385
82592.90982982
82593.90935371
82594.90894091
82595.90869269
82596.90810823
82597.90779709
82598.90725429
82599.90685398
82600.90639949
82601.90606459
82602.90582050
82603.90512019
82604.90485818
82605.90453533
82606.90517618
82607.90411337
82608.90418966
82609.90363890
82610.90328937
82611.90295858
82612.90293361
82613.90174328
